#http://xdb.lbl.gov/Section1/Table_1-1a(b and c).htm
#Number Element K(1s) L1(2s) L2(2p1/2) L3(2p3/2) M1(3s) M2(3p1/2) M3(3p3/2) M4(3d3/2) M5(3d5/2) N1(4s) N2(4p1/2) N3(4p3/2)
b No El  K(1s)     L1(2s)   L2(2p1/2) L3(2p3/2) M1(3s)  M2(3p1/2) M3(3p3/2) M4(3d3/2) M5(3d5/2) N1(4s)  N2(4p1/2) N3(4p3/2) N4(4d3/2) N5(4d5/2) N6(4f5/20 N7(4f7/2) O1(5s)  O2(5p1/2) O3(5p3/2) O4(5d5/2) O5(5d5/2) P1(6s) P2(6p1/2) P3(6p3/2)
b  1 H       13.6  
b  2 He      24.6  
b  3 Li      54.7
b  4 Be     111.5  
b  5 B      188.0
b  6 C      284.2  
b  7 N      409.9     37.3
b  8 O      543.1     41.6
b  9 F      696.7  
b 10 Ne     870.2     48.5     21.7      21.6
b 11 Na    1070.8     63.5     30.6      30.8
b 12 Mg    1303.0     88.7     49.8      49.5 
b 13 Al    1559.6    117.8     72.9      72.5
b 14 Si    1839.0    149.7     99.8      99.4
b 15 P     2145.5    189.0    136.0     135.0
b 16 S     2472.0    230.9    163.6     162.5
b 17 Cl    2822.4    270.0    202.0     200.0
b 18 Ar    3205.9    326.3    250.6     248.4     29.3    15.9      15.7
b 19 K     3608.4    378.6    297.3     294.6     34.8    18.3      18.3
b 20 Ca    4038.5    438.4    349.7     346.2     44.3    25.4      25.4
b 21 Sc    4492.0    498.0    403.6     398.7     51.1    28.3      28.3
b 22 Ti    4966.0    560.9    460.2     453.8     58.7    32.6      32.6
b 23 V     5465.0    626.7    519.8     512.1     66.3    37.2      37.2
b 24 Cr    5989.0    696.0    583.8     574.1     74.1    42.2      42.2
b 25 Mn    6539.0    769.1    649.9     638.7     82.3    47.2      47.2
b 26 Fe    7112.0    844.6    719.9     706.8     91.3    52.7      52.7
b 27 Co    7709.0    925.1    793.2     778.1    101.0    58.9      59.9
b 28 Ni    8333.0   1008.6    870.0     852.7    110.8    68.0      66.2
b 29 Cu    8979.0   1096.7    952.3     932.7    122.5    77.3      75.1
b 30 Zn    9659.0   1196.2   1044.9    1021.8    139.8    91.4      88.6      10.2      10.1
b 31 Ga   10367.0   1299.0   1143.2    1116.4    159.5   103.5     100.0      18.7      18.7
b 32 Ge   11103.0   1414.6   1248.1    1217.0    180.1   124.9     120.8      29.8      29.2
b 33 As   11867.0   1527.0   1359.1    1323.6    204.7   146.2     141.2      41.7      41.7
b 34 Se   12658.0   1652.0   1474.3    1433.9    229.6   166.5     160.7      55.5      54.6
b 35 Br   13474.0   1782.0   1596.0    1550.0    257.0   189.0     182.0      70.0      69.0
b 36 Kr   14326.0   1921.0   1730.9    1678.4    292.8   222.2     214.4      95.0      93.8      27.5    14.1      14.1
b 37 Rb   15200.0   2065.0   1864.0    1804.0    326.7   248.7     239.1     113.0     112.0      30.5    16.3      15.3 
b 38 Sr   16105.0   2216.0   2007.0    1940.0    358.7   280.3     270.0     136.0     134.2      38.9    21.3      20.1
b 39 Y    17038.0   2373.0   2156.0    2080.0    392.0   310.6     298.8     157.7     155.8      43.8    24.4      23.1
b 40 Zr   17998.0   2532.0   2307.0    2223.0    430.3   343.5     329.8     181.1     178.8      50.6    28.5      27.1
b 41 Nb   18986.0   2698.0   2465.0    2371.0    466.6   376.1     360.6     205.0     202.3      56.4    32.6      30.8
b 42 Mo   20000.0   2866.0   2625.0    2520.0    506.3   411.6     394.0     231.1     227.9      63.2    37.6      35.5
b 43 Tc   21044.0   3043.0   2793.0    2677.0    544.0   447.6     417.7     257.6     253.9      69.5    42.3      39.9
b 44 Ru   22117.0   3224.0   2967.0    2838.0    586.1   483.5     461.4     284.2     280.0      75.0    46.3      43.2
b 45 Rh   23220.0   3412.0   3146.0    3004.0    628.1   521.3     496.5     311.9     307.2      81.4    50.5      47.3
b 46 Pd   24350.0   3604.0   3330.0    3173.0    671.6   559.9     532.3     340.5     335.2      87.1    55.7      50.9
b 47 Ag   25514.0   3806.0   3524.0    3351.0    719.0   603.8     573.0     374.0     368.3      97.0    63.7      58.3
b 48 Cd   26711.0   4018.0   3727.0    3538.0    772.0   652.6     618.4     411.9     405.2     109.8    63.9      63.9     11.7      10.7            
b 49 In   27940.0   4238.0   3938.0    3730.0    827.2   703.2     665.3     451.4     443.9     122.9    73.5      73.5     17.7      16.9
b 50 Sn   29200.0   4465.0   4156.0    3929.0    884.7   756.5     714.6     493.2     484.9     137.1    83.6      83.6     24.9      23.9
b 51 Sb   30491.0   4698.0   4380.0    4132.0    946.0   812.7     766.4     537.5     528.2     153.2    95.6      95.6     33.3      32.1
b 52 Te   31814.0   4939.0   4612.0    4341.0   1006.0   870.8     820.0     583.4     573.0     169.4   103.3     103.3     41.9      40.4
b 53 I    33169.0   5188.0   4852.0    4557.0   1072.0   931.0     875.0     630.8     619.3     186.0   123.0     123.0     50.6      48.9
b 54 Xe   34561.0   5453.0   5107.0    4786.0   1148.7  1002.1     940.6     689.0     676.4     213.2   146.7     145.5     69.5      67.5         -         -      23.3    13.4      12.1 
b 55 Cs   35985.0   5714.0   5359.0    5012.0   1211.0  1071.0    1003.0     740.5     726.6     232.3   172.4     161.3     79.8      77.5         -         -      22.7    14.2      12.1 
b 56 Ba   37441.0   5989.0   5624.0    5247.0   1293.0  1137.0    1063.0     795.7     780.5     253.5   192.0     178.6     92.6      89.9         -         -      30.3    17.0      14.8 
b 57 La   38925.0   6266.0   5891.0    5483.0   1362.0  1209.0    1128.0     853.0     836.0     274.7   205.8     196.0    105.3     102.5         -         -      34.3    19.3      16.8 
b 58 Ce   40443.0   6549.0   6164.0    5723.0   1436.0  1274.0    1187.0     902.4     883.8     291.0   223.2     206.5    109.0         -       0.1       0.1      37.8    19.8      17.0 
b 59 Pr   41991.0   6835.0   6440.0    5964.0   1511.0  1337.0    1242.0     948.3     928.8     304.5   236.3     217.6    115.1     115.1       2.0       2.0      37.4    22.3      22.3 
b 60 Nd   43569.0   7126.0   6722.0    6208.0   1575.0  1403.0    1297.0    1003.3     980.4     319.2   243.3     224.6    120.5     120.5       1.5       1.5      37.5    21.1      21.1 
b 61 Pm   45184.0   7428.0   7013.0    6459.0        -  1471.0    1357.0    1052.0    1027.0         -   242.0     242.0    120.0     120.0
b 62 Sm   46834.0   7737.0   7312.0    6716.0   1723.0  1541.0    1420.0    1110.9    1083.4     347.2   265.6     247.4    129.0     129.0       5.2       5.2      37.4    21.3      21.3 
b 63 Eu   48519.0   8052.0   7617.0    6977.0   1800.0  1614.0    1481.0    1158.6    1127.5     360.0   284.0     257.0    133.0     127.7         0         0      32.0    22.0      22.0
b 64 Gd   50239.0   8376.0   7930.0    7243.0   1881.0  1688.0    1544.0    1221.9    1189.6     378.6   286.0     271.0        -     142.6       8.6       8.6      36.0    28.0      21.0
b 65 Tb   51996.0   8708.0   8252.0    7514.0   1968.0  1768.0    1611.0    1276.9    1241.1     396.0   322.4     284.1    150.5     150.5       7.7       2.4      45.6    28.7      22.6 
b 66 Dy   53789.0   9046.0   8581.0    7790.0   2047.0  1842.0    1676.0    1333.0    1292.6     414.2   333.5     293.2    153.6     153.6       8.0       4.3      49.9    26.3      26.3 
b 67 Ho   55618.0   9394.0   8918.0    8071.0   2128.0  1923.0    1741.0    1392.0    1351.0     432.4   343.5     308.2    160.0     160.0       8.6       5.2      49.3    30.8      24.1 
b 68 Er   57486.0   9751.0   9264.0    8358.0   2207.0  2006.0    1812.0    1453.0    1409.0     449.8   366.2     320.2    167.6     167.6         -       4.7      50.6    31.4      24.7 
b 69 Tm   59390.0  10116.0   9617.0    8648.0   2307.0  2090.0    1885.0    1515.0    1468.0     470.9   385.9     332.6    175.5     175.5         -       4.6      54.7    31.8      25.0 
b 70 Yb   61332.0  10486.0   9978.0    8944.0   2398.0  2173.0    1950.0    1576.0    1528.0     480.5   388.7     339.7    191.2     182.4       2.5       1.3      52.0    30.3      24.1 
b 71 Lu   63314.0  10870.0  10349.0    9244.0   2491.0  2264.0    2024.0    1639.0    1589.0     506.8   412.4     359.2    206.1     196.3       8.9       7.5      57.3    33.6      26.7  
b 72 Hf   65351.0  11271.0  10739.0    9561.0   2601.0  2365.0    2108.0    1716.0    1662.0     538.0   438.2     380.7    220.0     211.5      15.9      14.2      64.2    38.0      29.9  
b 73 Ta   67416.0  11682.0  11136.0    9881.0   2708.0  2469.0    2194.0    1793.0    1735.0     563.4   463.4     400.9    237.9     226.4      23.5      21.6      69.7    42.2      32.7  
b 74 W    69525.0  12100.0  11544.0   10207.0   2820.0  2575.0    2281.0    1872.0    1809.0     594.1   490.4     423.6    255.9     243.5      33.6      31.4      75.6    45.3      36.8  
b 75 Re   71676.0  12527.0  11959.0   10535.0   2932.0  2682.0    2367.0    1949.0    1883.0     625.4   518.7     446.8    273.9     260.5      42.9      40.5      83.0    45.6      34.6   
b 76 Os   73871.0  12968.0  12385.0   10871.0   3049.0  2792.0    2457.0    2031.0    1960.0     658.2   549.1     470.7    293.1     278.5      53.4      50.7      84.0    58.0      44.5  
b 77 Ir   76111.0  13419.0  12824.0   11215.0   3174.0  2909.0    2551.0    2116.0    2040.0     691.1   577.8     495.8    311.9     296.3      63.8      60.8      95.2    63.0      48.0  
b 78 Pt   78395.0  13880.0  13273.0   11564.0   3296.0  3027.0    2645.0    2202.0    2122.0     725.4   609.1     519.4    331.6     314.6      74.5      71.2     101.7    65.3      51.7  
b 79 Au   80725.0  14353.0  13734.0   11919.0   3425.0  3148.0    2743.0    2291.0    2206.0     762.1   642.7     546.3    353.2     335.1      87.6      84.0     107.2    74.2      57.2  
b 80 Hg   83102.0  14839.0  14209.0   12284.0   3562.0  3279.0    2847.0    2385.0    2295.0     802.2   680.2     576.6    378.2     358.8     104.0      99.9     127.0    83.1      64.5       9.6      7.8  
b 81 Tl   85530.0  15347.0  14698.0   12658.0   3704.0  3416.0    2957.0    2485.0    2389.0     846.2   720.5     609.5    405.7     385.0     122.2     117.8     136.0    94.6      73.5      14.7     12.5  
b 82 Pb   88005.0  15861.0  15200.0   13035.0   3851.0  3554.0    3066.0    2586.0    2484.0     891.8   761.9     643.5    434.3     412.2     141.7     136.9     147.0   106.4      83.3      20.7     18.1  
b 83 Bi   90524.0  16388.0  15711.0   13419.0   3999.0  3696.0    3177.0    2688.0    2580.0     939.0   805.2     678.8    464.0     440.1     162.3     157.0     159.3   119.0      92.6      26.9     23.8  
b 84 Po   93105.0  16939.0  16244.0   13814.0   4149.0  3854.0    3302.0    2798.0    2683.0     995.0   851.0     705.0    500.0     473.0     184.0     184.0     177.0   132.0     104.0      31.0     31.0
b 85 At   95730.0  17493.0  16785.0   14214.0   4317.0  4008.0    3426.0    2909.0    2787.0    1042.0   886.0     740.0    533.0     507.0     210.0     210.0     195.0   148.0     115.0      40.0     40.0
b 86 Rn   98404.0  18049.0  17337.0   14619.0   4482.0  4159.0    3538.0    3022.0    2892.0    1097.0   929.0     768.0    567.0     541.0     238.0     238.0     214.0   164.0     127.0      48.0     48.0      26.0  
b 87 Fr  101137.0  18639.0  17907.0   15031.0   4652.0  4327.0    3663.0    3136.0    3000.0    1153.0   980.0     810.0    603.0     577.0     268.0     268.0     234.0   182.0     140.0      58.0     58.0      34.0   15.0      15.0
b 88 Ra  103922.0  19237.0  18484.0   15444.0   4822.0  4490.0    3792.0    3248.0    3105.0    1208.0  1058.0     879.0    636.0     603.0     299.0     299.0     254.0   200.0     153.0      68.0     68.0      44.0   19.0      19.0
b 89 Ac  106755.0  19840.0  19083.0   15871.0   5002.0  4656.0    3909.0    3370.0    3219.0    1269.0  1080.0     890.0    675.0     639.0     319.0     319.0     272.0   215.0     167.0      80.0     80.0
b 90 Th  109651.0  20472.0  19693.0   16300.0   5182.0  4830.0    4046.0    3491.0    3332.0    1330.0  1168.0     966.4    712.1     675.2     342.4     333.1     290.0   229.0     182.0      92.5     85.4      41.4   24.5      16.6
b 91 Pa  112601.0  21105.0  20314.0   16733.0   5367.0  5001.0    4174.0    3611.0    3442.0    1387.0  1224.0    1007.0    743.0     708.0     371.0     360.0     310.0   232.0     232.0      94.0     94.0
b 92 U   115606.0  21757.0  20948.0   17166.0   5548.0  5182.0    4303.0    3728.0    3552.0    1439.0  1271.0    1043.0    778.3     736.2     388.2     377.4     321.0   257.0     192.0     102.8     94.2      43.9   26.8      16.8   
#
##http://xdb.lbl.gov/Section1/Table_1-2.pdf
#
e No El       ka1             ka2           kb1         kb3         kb2       l1           la1           la2          lb1          lb2         lg1         ma1
e 3  Li     54.30,150
e 4  Be    108.50,150
e 5  B     183.30,151
e 6  C     277.00,147
e 7  N     392.40,150
e 8  O     524.90,151
e 9  F     676.80,148
e 10 Ne    848.60,100     848.60,50
e 11 Na   1040.98,100    1040.98,50    1071.10,0
e 12 Mg   1253.60,100    1253.60,50    1302.20,0  
e 13 Al   1486.70,100    1486.27,50    1557.45,1  
e 14 Si   1739.98,100    1739.38,50    1835.94,2  
e 15 P    2013.70,100    2012.70,50    2139.10,3  
e 16 S    2307.84,100    2306.64,50    2464.04,5  
e 17 Cl   2622.39,100    2620.78,50    2815.60,6 
e 18 Ar   2957.70,100    2955.63,50    3190.05,10  
e 19 K    3313.80,100    3311.10,50    3589.60,11  
e 20 Ca   3691.68,100    3688.09,50    4012.70,13        -           -          -        341.3,100     341.30,11    344.90,77
e 21 Sc   4090.60,100    4086.10,50    4460.50,15        -           -      348.30,21    395.4,100     395.40,11    399.60,77
e 22 Ti   4510.84,100    4504.86,50    4931.81,15        -           -      395.30,46    452.20,100    452.20,11    458.40,79   
e 23 V    4952.20,100    4944.64,50    5427.29,15        -           -      446.50,28    511.30,100    511.30,11    519.20,80
e 24 Cr   5414.72,100    5405.51,50    5946.71,15        -           -      500.30,17    572.80,100    572.80,11    582.80,79
e 25 Mn   5898.75,100    5887.65,50    6490.45,17        -           -      556.30,15    637.40,100    637.40,11    648.80,77
e 26 Fe   6403.84,100    6390.84,50    7057.98,17        -           -      615.20,10    705.00,100    705.00,11    718.50,66
e 27 Co   6930.32,100    6915.30,51    7649.43,17        -           -      677.80,10    776.20,100    776.20,11    791.40,76
e 28 Ni   7478.15,100    7460.89,51    8264.66,17        -           -      742.70,90    851.50,100    851.50,11    868.80,68
e 29 Cu   8047.78,100    8027.83,51    8905.29,17        -           -      811.10,80    929.70,100    929.70,11    949.80,65
e 30 Zn   8638.86,100    8615.78,51    9572.00,17        -           -      884.00,70   1011.70,100   1011.70,11   1034.70,65
e 31 Ga   9251.74,100    9224.82,51   10264.20,66  10260.30,5        -      957.20,70   1097.92,100   1097.92,11   1124.80,66
e 32 Ge   9886.42,100    9855.32,51   10982.10,60  10978.00,6        -     1036.20,60   1188.00,100   1188.00,11   1218.50,60
e 33 As  10543.72,100   10507.99,51   11726.20,13  11720.30,6  11864.00,1  1120.00,60   1282.00,100   1282.00,11   1317.00,60
e 34 Se  11222.40,100   11181.40,52   12495.90,13  12489.60,6  12652.00,1  1204.40,60   1379.10,100   1379.10,11   1419.23,59
e 35 Br  11924.20,100   11877.60,52   13291.40,14  13284.50,7  13469.50,1  1293.50,50   1480.43,100   1480.43,11   1525.90,59
e 36 Kr  12649.00,100   12598.00,52   14112.00,14  14104.00,7  14315.00,2  1386.00,50   1586.00,100   1586.00,11   1636.60,57
e 37 Rb  13395.30,100   13335.80,52   14961.30,14  14951.70,7  15185.00,2  1482.40,50   1694.13,100   1692.56,11   1752.17,58
e 38 Sr  14165.00,100   14097.90,52   15835.70,14  15824.90,7  16084.60,3  1582.20,50   1806.56,100   1804.74,11   1871.72,58
e 39 Y   14958.40,100   14882.90,52   16737.80,15  16725.80,8  17015.40,3  1685.40,50   1922.56,100   1920.47,11   1995.84,57
e 40 Zr  15775.10,100   15690.90,52   17667.80,15  17654.00,8  17970.00,3  1792.00,50   2042.36,100   2039.90,11   2124.40,54   2219.40,1    2302.70,2  
e 41 Nb  16615.10,100   16521.00,52   18622.50,15  18606.30,8  18953.00,3  1902.20,50   2165.89,100   2163.00,11   2257.40,52   2367.00,3    2461.80,2 
e 42 Mo  17479.34,100   17374.30,52   19608.30,15  19590.30,8  19965.20,4  2015.70,50   2293.16,100   2289.85,11   2394.81,53   2518.30,5    2623.50,3 
e 43 Tc  18367.10,100   18250.80,53   20619.00,16  20599.00,8  21005.00,4  2122.00,50   2424.00,100   2420.00,11   2538.00,54   2674.00,7    2792.00,3 
e 44 Ru  19279.20,100   19150.40,53   21656.80,16  21634.60,8  22074.00,4  2252.80,40   2558.55,100   2554.31,11   2683.23,54   2836.00,10   2964.50,4 
e 45 Rh  20216.10,100   20073.70,53   22723.60,16  22698.90,8  23172.80,4  2376.50,40   2696.74,100   2692.05,11   2834.41,52   3001.30,10   3143.80,5 
e 46 Pd  21177.10,100   21020.10,53   23818.70,16  23791.10,8  24299.10,4  2503.40,40   2838.61,100   2833.29,11   2990.22,53   3171.79,12   3328.70,6  
e 47 Ag  22162.92,100   21990.30,53   24942.40,16  24911.50,9  25456.40,4  2633.70,40   2984.31,100   2978.21,11   3150.94,56   3347.81,13   3519.59,6  
e 48 Cd  23173.60,100   22984.10,53   26095.50,17  26061.20,9  26643.80,4  2767.40,40   3133.73,100   3126.91,11   3316.57,58   3528.12,15   3716.86,6  
e 50 Sn  25271.30,100   25044.00,53   28486.00,17  28444.00,9  29109.30,5  3045.00,40   3443.98,100   3435.42,11   3662.80,60   3904.86,16   4131.12,7  
e 51 Sb  26359.10,100   26110.80,54   29725.60,18  29679.20,9  30389.50,5  3188.60,40   3604.72,100   3595.32,11   3843.57,61   4100.78,17   4347.79,8  
e 52 Te  27472.30,100   27201.70,54   30995.70,18  30944.30,9  31700.40,5  3335.60,40   3769.33,100   3758.80,11   4029.58,61   4301.70,18   4570.90,8  
e 53 I   28612.00,100   28317.20,54   32294.70,18  32239.40,9  33042.00,5  3485.00,40   3937.65,100   3926.04,11   4220.72,61   4507.50,19   4800.90,8   
e 54 Xe  29779.00,100   29458.00,54   33624.00,18  33562.00,9  34415.00,5  3636.00,40   4109.90,100   4093.00,11   4414.00,60   4714.00,20   5034.00,8
e 55 Cs  30972.80,100   30625.10,54   34986.90,18  34919.40,9  35882.00,6  3795.00,40   4286.50,100   4272.20,11   4619.80,61   4935.90,20   5280.40,8  
e 56 Ba  32193.60,100   31817.10,54   36378.20,18  36304.00,10 37257.00,6  3954.10,40   4466.26,100   4450.90,11   4827.53,60   5156.50,20   5531.10,9   
e 57 La  33441.80,100   33034.10,54   37801.00,19  37720.20,10 38729.90,6  4124.00,40   4650.97,100   4634.23,11   5042.10,60   5383.50,21   5788.50,9      833.0,100   
e 58 Ce  34719.70,100   34278.90,55   39257.30,19  39170.10,10 40233.00,6  4287.50,40   4840.20,100   4823.00,11   5262.20,61   5613.40,21   6052.00,9      883.0,100 
e 59 Pr  36026.30,100   35550.20,55   40748.20,19  40652.90,10 41773.00,6  4453.20,40   5033.70,100   5013.50,11   5488.90,61   5850.00,21   6322.10,9      929.0,100   
e 60 Nd  37361.00,100   36847.40,55   42271.30,19  42166.50,10 43335.00,6  4633.00,40   5230.40,100   5207.70,11   5721.60,60   6089.40,21   6602.10,10     978.0,100  
e 61 Pm  38724.70,100   38171.20,55   43826.00,19  43713.00,10 44942.00,6  4809.00,40   5432.50,100   5407.80,11   5961.00,61   6339.00,21   6892.00,10               
e 62 Sm  40118.10,100   39522.40,55   45413.00,19  45289.00,10 46578.00,6  4994.50,40   5636.10,100   5609.00,11   6205.10,61   6587.00,21   7178.00,10    1081.0,100  
e 63 Eu  41542.20,100   40901.90,56   47037.90,19  46903.60,10 48256.00,6  5177.20,40   5845.70,100   5816.60,11   6456.40,62   6843.20,21   7480.30,10    1131.0,100  
e 64 Gd  42996.20,100   42308.90,56   48697.00,20  48555.00,10 49959.00,7  5362.10,40   6057.20,100   6025.00,11   6713.20,62   7102.80,21   7785.80,11    1185.0,100  
e 65 Tb  44481.60,100   43744.10,56   50382.00,20  50229.00,10 51698.00,7  5546.70,40   6272.80,100   6238.00,11   6978.00,61   7366.70,21   8102.00,11    1240.0,100  
e 66 Dy  45998.40,100   45207.80,56   52119.00,20  51957.00,10 53476.00,7  5743.10,40   6495.20,100   6457.70,11   7247.70,62   7635.70,20   8418.80,11    1293.0,100  
e 67 Ho  47546.70,100   46699.70,56   53877.00,20  53711.00,11 55293.00,7  5943.40,40   6719.80,100   6679.50,11   7525.30,64   7911.00,20   8747.00,11    1348.0,100  
e 68 Er  49127.70,100   48221.10,56   55681.00,21  55494.00,11 57210.00,7  6152.00,40   6948.70,100   6905.00,11   7810.90,64   8189.00,20   9089.00,11    1406.0,100  
e 69 Tm  50741.60,100   49772.60,57   57517.00,21  57304.00,11 59090.00,7  6341.90,40   7179.90,100   7133.10,11   8101.00,64   8468.00,20   9426.00,12    1462.0,100  
e 70 Yb  52388.90,100   51354.00,57   59370.00,21  59140.00,11 60980.00,7  6545.50,40   7415.60,100   7367.30,11   8401.80,65   8758.80,20   9780.10,12    1521.4,100  
e 71 Lu  54069.80,100   52965.00,57   61283.00,21  61050.00,11 62970.00,7  6752.80,40   7655.50,100   7604.90,11   8709.00,66   9048.90,19  10143.40,12    1581.3,100  
e 72 Hf  55790.20,100   54611.40,57   63234.00,22  62980.00,11 64980.00,7  6959.60,50   7899.00,100   7844.60,11   9022.70,67   9347.30,20  10515.80,12    1644.6,100  
e 73 Ta  57532.00,100   56277.00,57   65223.00,22  64948.80,11 66990.00,7  7173.10,50   8146.10,100   8087.90,11   9343.10,67   9651.80,20  10895.20,12    1710.0,100   
e 74 W   59318.24,100   57981.70,58   67244.30,22  66951.40,11 69067.00,8  7387.80,50   8397.60,100   8335.20,11   9672.35,67   9961.50,21  11285.90,13    1775.4,100  
e 75 Re  61140.30,100   59717.90,58   69310.00,22  68994.00,12 71232.00,8  7603.60,50   8652.50,100   8586.20,11  10010.00,66  10275.20,22  11685.40,13    1842.5,100  
e 76 Os  63000.50,100   61486.70,58   71413.00,23  71077.00,12 73363.00,8  7822.20,50   8911.70,100   8841.00,11  10355.30,67  10598.50,22  12095.30,13    1910.2,100  
e 77 Ir  64895.60,100   63286.70,58   73560.80,23  73202.70,12 75575.00,8  8045.80,50   9175.10,100   9099.50,11  10708.30,66  10920.30,22  12512.60,13    1979.9,100  
e 78 Pt  66832.00,100   65112.00,58   75748.00,23  75368.00,12 77850.00,8  8268.00,50   9442.30,100   9361.80,11  11070.70,67  11250.50,23  12942.00,13    2050.5,100  
e 79 Au  68803.70,100   66989.50,59   77984.00,23  77580.00,12 80150.00,8  8493.90,50   9713.30,100   9628.00,11  11442.30,67  11584.70,23  13381.70,13    2122.9,100  
e 80 Hg  70819.00,100   68895.00,59   80253.00,23  79822.00,12 82515.00,8  8721.00,50   9988.80,100   9897.60,11  11822.60,67  11924.10,24  13830.10,14    2195.3,100   
e 81 Tl  72871.50,100   70831.90,60   82576.00,23  82118.00,12 84910.00,8  8953.20,60  10268.50,100  10172.80,11  12213.30,67  12271.50,25  14291.50,14    2270.6,100   
e 82 Pb  74969.40,100   72804.20,60   84936.00,23  84450.00,12 87320.00,8  9184.50,60  10551.50,100  10449.50,11  12613.70,66  12622.60,25  14764.40,14    2345.5,100  
e 83 Bi  77107.90,100   74814.80,60   87343.00,23  86834.00,12 89830.00,9  9420.40,60  10838.80,100  10730.91,11  13023.50,67  12979.90,25  15247.70,14    2422.6,100   
e 84 Po  79290.00,100   76862.00,61   89800.00,23        -           -            -      11130.80,100  11015.80,11  13447.00,-   13340.40,-   15744.00,-          
e 85 At  81520.00,100   78950.00,61   92300.00,23        -           -            -      11426.80,100  11304.80,11  13876.00,-         -      16251.00,-          
e 86 Rn  83780.00,100   81070.00,61   94870.00,23        -           -            -      11727.00,100  11597.90,11  14316.00,-         -      16770.00,-           
e 87 Fr  86100.00,100   83230.00,61   97470.00,23        -           -            -      12031.30,100  11895.00,11  14770.00,-   14450.00,-   17303.00,-          
e 89 Ra  88470.00,100   85430.00,61  100130.00,23        -           -            -      12339.70,100  12196.20,11  15235.80,-   14841.40,-   17849.00,-          
e 89 Ac  90884.00,100   87670.00,61  102850.00,23        -           -            -      12652.00,100  12500.80,11  15713.00,-         -      18408.00,-          
e 90 Th  93350.00,100   89953.00,62  105609.00,24  104831.0,12 108640.0,9         -      12968.70,100  12809.60,11  16202.20,69  15623.70,26  18982.50,16    2996.1,100   
e 91 Pa  95868.00,100   92287.00,62  108427.00,24        -           -            -      13290.70,100  13122.20,11  16702.00,-   16024.00,-   19568.00,-     3082.3,100   
e 92 U   98439.00,100   94665.00,62  111300.00,24  110406.0,13 114530.0,9         -      13614.70,100  13438.80,11  17220.00,61  16428.30,26  20167.10,15    3170.8,100   
e 93 Np        -              -             -            -           -            -      13944.10,100  13759.70,11  17750.20,-   16840.00,-   20784.80,-            
e 94 Pu        -              -             -            -           -            -      14278.60,100  14084.20,11  18293.70,-   17255.30,-   21417.30,-           
e 95 Am        -              -             -            -           -            -      14617.20,100  14411.90,11  18852.00,-   17676.50,-   22065.20,-          
