actinium  0.439215686  0.670588235  0.980392157  
aluminium  0.749019608  0.650980392  0.650980392  
americium  0.329411765  0.360784314  0.949019608  
antimony  0.619607843  0.388235294  0.709803922  
argon  0.501960784  0.819607843  0.890196078  
arsenic  0.741176471  0.501960784  0.890196078  
astatine  0.458823529  0.309803922  0.270588235  
barium  0.000000000  0.788235294  0.000000000  
berkelium  0.541176471  0.309803922  0.890196078  
beryllium  0.760784314  1.000000000  0.000000000  
bismuth  0.619607843  0.309803922  0.709803922  
bohrium  0.878431373  0.000000000  0.219607843  
boron  1.000000000  0.709803922  0.709803922  
bromine  0.650980392  0.160784314  0.160784314  
cadmium  1.000000000  0.850980392  0.560784314  
calcium  0.239215686  1.000000000  0.000000000  
californium  0.631372549  0.211764706  0.831372549  
carbon  0.2  1.0  0.2  
cerium  1.000000000  1.000000000  0.780392157  
cesium  0.341176471  0.090196078  0.560784314  
chlorine  0.121568627  0.941176471  0.121568627  
chromium  0.541176471  0.600000000  0.780392157  
cobalt  0.941176471  0.564705882  0.627450980  
copper  0.784313725  0.501960784  0.200000000  
curium  0.470588235  0.360784314  0.890196078  
dubnium  0.819607843  0.000000000  0.309803922  
dysprosium  0.121568627  1.000000000  0.780392157  
einsteinium  0.701960784  0.121568627  0.831372549  
erbium  0.000000000  0.901960784  0.458823529  
europium  0.380392157  1.000000000  0.780392157  
fermium  0.701960784  0.121568627  0.729411765  
fluorine  0.701960784  1.000000000  1.000000000  
francium  0.258823529  0.000000000  0.400000000  
gadolinium  0.270588235  1.000000000  0.780392157  
gallium  0.760784314  0.560784314  0.560784314  
germanium  0.400000000  0.560784314  0.560784314  
gold  1.000000000  0.819607843  0.137254902  
hafnium  0.301960784  0.760784314  1.000000000  
hassium  0.901960784  0.000000000  0.180392157  
helium  0.850980392  1.000000000  1.000000000  
holmium  0.000000000  1.000000000  0.611764706  
hydrogen  0.9  0.9  0.9  
indium  0.650980392  0.458823529  0.450980392  
iodine  0.580392157  0.000000000  0.580392157  
iridium  0.090196078  0.329411765  0.529411765  
iron  0.878431373  0.400000000  0.200000000  
krypton  0.360784314  0.721568627  0.819607843  
lanthanum  0.439215686  0.831372549  1.000000000  
lawrencium  0.780392157  0.000000000  0.400000000  
lead  0.341176471  0.349019608  0.380392157  
lithium  0.800000000  0.501960784  1.000000000  
lutetium  0.000000000  0.670588235  0.141176471  
magnesium  0.541176471  1.000000000  0.000000000  
manganese  0.611764706  0.478431373  0.780392157  
meitnerium  0.921568627  0.000000000  0.149019608  
mendelevium  0.701960784  0.050980392  0.650980392  
mercury  0.721568627  0.721568627  0.815686275  
molybdenum  0.329411765  0.709803922  0.709803922  
neodymium  0.780392157  1.000000000  0.780392157  
neon  0.701960784  0.890196078  0.960784314  
neptunium  0.000000000  0.501960784  1.000000000  
nickel  0.313725490  0.815686275  0.313725490  
niobium  0.450980392  0.760784314  0.788235294  
nitrogen  0.2  0.2  1.0  
nobelium  0.741176471  0.050980392  0.529411765  
osmium  0.149019608  0.400000000  0.588235294  
oxygen  1.0  0.3  0.3  
palladium  0.000000000  0.411764706  0.521568627  
phosphorus  1.000000000  0.501960784  0.000000000  
platinum  0.815686275  0.815686275  0.878431373  
plutonium  0.000000000  0.419607843  1.000000000  
polonium  0.670588235  0.360784314  0.000000000  
potassium  0.560784314  0.250980392  0.831372549  
praseodymium  0.850980392  1.000000000  0.780392157  
promethium  0.639215686  1.000000000  0.780392157  
protactinium  0.000000000  0.631372549  1.000000000  
radium  0.000000000  0.490196078  0.000000000  
radon  0.258823529  0.509803922  0.588235294  
rhenium  0.149019608  0.490196078  0.670588235  
rhodium  0.039215686  0.490196078  0.549019608  
rubidium  0.439215686  0.180392157  0.690196078  
ruthenium  0.141176471  0.560784314  0.560784314  
rutherfordium  0.800000000  0.000000000  0.349019608  
samarium  0.560784314  1.000000000  0.780392157  
scandium  0.901960784  0.901960784  0.901960784  
seaborgium  0.850980392  0.000000000  0.270588235  
selenium  1.000000000  0.631372549  0.000000000  
silicon  0.941176471  0.784313725  0.627450980  
silver  0.752941176  0.752941176  0.752941176  
sodium  0.670588235  0.360784314  0.949019608  
strontium  0.000000000  1.000000000  0.000000000  
sulphur  0.9  0.775  0.25  
tantalum  0.301960784  0.650980392  1.000000000  
technetium  0.231372549  0.619607843  0.619607843  
tellurium  0.831372549  0.478431373  0.000000000  
terbium  0.188235294  1.000000000  0.780392157  
thallium  0.650980392  0.329411765  0.301960784  
thorium  0.000000000  0.729411765  1.000000000  
thulium  0.000000000  0.831372549  0.321568627  
tin  0.400000000  0.501960784  0.501960784  
titanium  0.749019608  0.760784314  0.780392157  
tungsten  0.129411765  0.580392157  0.839215686  
uranium  0.000000000  0.560784314  1.000000000  
vanadium  0.650980392  0.650980392  0.670588235  
xenon  0.258823529  0.619607843  0.690196078  
ytterbium  0.000000000  0.749019608  0.219607843  
yttrium  0.580392157  1.000000000  1.000000000  
zinc  0.490196078  0.501960784  0.690196078  
zirconium  0.580392157  0.878431373  0.878431373
